9414742036288
9414742036295
9414742037971
9414763003979
9414789301448
9414812295669
9414882456083
9414882456106
9414942801273
9414962020418
9414972100513
9414972100520
9414972100537
9414982020016
9414982020023
9414982020894
94150087
9415022025275
9415022030040
9415022030057
9415022030088
9415022030095
9415022030101
9415022030125
9415022030132
9415022030309
9415022030316
9415022030323
9415022030347
9415022030781
9415022030798
9415022030804
9415022031047
9415022031115
9415022031122
9415022031153
9415022031177
9415022032990
9415022033003
9415022033478
9415022033638
9415022033645
9415087031037
9415107013920
9415107036141
9415107056514
9415107107681
9415107116447
9415107217434
9415107225309
9415107404551
9415177420314
9415187009318
9415242013045
9415257080018
9415257080315
9415257080582
9415317003131
9415317004138
9415317031134
9415317061117
9415472131199
9415472141730
9415748005063
9415748005070
9415748005094
9415748011637
9415748021261
9415767015616
9415767016965
9415767019201
9415767022317
9415767022324
9415767022331
9415767624207
9415767677203
9415767801028
9415795110055
9415795110109
9415888650055
9415991233060
9416050524914
9416050536511
9416050536610
9416050541119
9416050541515
9416050546312
9416050588718
9416050588817
9416050589210
9416050589319
9416050591114
9416050901098
9416050901104
9416050901111
9416050901128
9416050901272
9416050901289
9416050902200
9416050902651
9416107513489
9416107519542
9416107520043
9416107520050
9416107520999
9416107521316
9416107522962
9416107523648
9417056003854
9417056003878
9417642994672
9417642994689
9417642994764
9417642994795
9417986936796
9417986939933
9417986941943
9417986946047
9418315127090
9418315127175
9418315127199
9418315127380
9419266000500
9419266000555
9419266000586
9419740918031
9419740918130
9419740918161
9419740918208
9419740918253
9419740918338
9419740918482
9419740918505
9419740918758
9419740918772
9419740918796
9419740919076
9419740919151
9419740919199
9419740919212
9419740919243
9419740919304
9419740919526
9419740919656
9419741001145
9419741003521
9419741003644
9419741003668
9419741003811
9419741003835
9420015011029
9420020300187
9420039512915
9420039513073
9420039513134
9420039513172
9420039513196
9420039513202
9420039513257
9420039513288
9420039513295
9420039547221
9421005450187
9421014900086
9421015796992
9421902090349
9421902213007
9421902213014
9421902263026
9421902728624
9421902964718
9421903652980
9421904160408
9421904160460
9421905557054
9421906005301
9556001170750
9556001170774
9556001171337