051141373195
070177057404
070177078959
070177227913
070847813903
071106843396
074299057854
078895127706
089686140750
089686180367
089686180657
1220000060203
1220000060234
1220000060814
1220000061200
1220000061804
1220000062009
189686114758
4014400912593
5000396054859
5011157888224
5011157996431
5011157996592
5029053003887
645175570103
645175570288
645175572640
711844110083
7501058649942
7622210571007
7622210571021
80042532
80042556
8005110080005
8005110170461
8005110550508
8005121218404
8076802085738
8076802085912
8076802085981
8076808060654
810206005064
818094004626
8410134603800
8722700238317
8850006490990
8850006491003
8850006491386
8850006491447
8850006492475
8850006494097
8850006535028
8850006934586
8886303210504
8886467103506
8888056251018
8888056252527
8901042955988
8901042955995
8901042957517
8901414000070
9002490243319
9300462118406
9300605112834
9300605112841
9300605120686
9300605120716
9300605121980
9300617074212
9300617074250
9300617074403
9300617074410
9300617074434
9300617300953
9300619501037
9300619513085
9300619571689
9300619572440
9300619572464
9300624005353
9300624011088
9300624013792
9300624013938
9300624015444
9300631016656
9300631325505
9300631325512
9300631448754
9300632012268
9300632016143
9300632026289
9300632076161
9300633005184
9300633034412
9300633073657
9300633119010
9300633150082
9300633151119
9300633179205
9300633179212
9300633203139
9300633207243
9300633207274
9300633207298
9300633216757
9300633216764
9300633218683
9300633226978
9300633227197
9300633227296
9300633227319
9300633292355
9300633292362
9300633292379
9300633292393
9300633294809
9300633308360
9300633320775
9300633340049
9300633341756
9300633350079
9300633363086
9300633369026
9300633372514
9300633384180
9300633391287
9300633421366
9300633422073
9300633454296
9300633476816
9300633476823
9300633503024
9300633552879
9300633552886
9300633552893
9300633552930
9300633557072
9300633561482
9300633595418
9300633615116
9300633615253
9300633615963
9300633626211
9300633630249
9300633630683
9300633630751
9300633643782
9300633696146
9300633709358
9300633719234
9300633743505
9300633768973
9300633775063
9300633783402
9300633900038
9300633901066
9300633903244
9300633903251
9300633903268
9300633903305
9300633904005
9300633904067
9300633904227
9300633904241
9300633904302
9300633906306
9300633910020
9300633922139
9300633929640
9300633930028
9300633946722
9300633947002
9300633948719
9300633948733
9300633948740
9300633948757
9300633951337
9300633951344
9300633951351