9300644123549
9300644126212
9300644143462
9300644700726
9300644703192
9300644706704
9300645111149
9300650452701
9300652803495
9300652809985
9300657009885
9300657129163
9300657232627
9300657233358
9300657270520
9300657278823
9300657278830
9300657820244
9300657820251
9300657820305
9300667004320
9300667004412
9300667022850
9300667025059
9300667029415
9300667029422
9300667035065
9300675024235
9300675035699
9300675036337
9300675037020
9300675049054
9300675070096
9300675071932
9300675080682
9300701601331
9300701880866
9300830023943
9300830057504
9300830057566
9300830057580
9310012038771
9310012060321
9310012060369
9310012060567
9310012060680
9310012061021
9310021039097
9310034002415
9310061120106
9310072000046
9310072000275
9310072000282
9310072001005
9310072001210
9310072001777
9310072002095
9310072010250
9310072012599
9310072013855
9310072025155
9310072026282
9310072026404
9310072028866
9310072028903
9310072029467
9310072031316
9310072032740
9310072032771
9310072033457
9310072033464
9310082158010
9310082429974
9310088001853
9310088002119
9310088002126
9310088002836
9310088002911
9310088002997
9310088013184
9310088015935
9310140001937
9310140002408
9310140007717
9310140016566
9310140283807
9310155000826
9310155002202
9310155005500
9310155005517
9310155005524
9310155006262
9310155008853
9310155080019
9310155100434
9310155202336
9310155203234
9310155414814
9310155510103
9310155610506
9310155620505
9310182300210
9310232100500
9310331475806
9310432001454
9310432160175
9310432400059
9310434005641
9310434005788
9310560010892
9310560017556
9310676411446
9310998000342
9310998101018
9312631000900
9312631117172
9312631142440
9312631151930
9312631168853
9318191902111
9322969000015
9322969000039
9325121000755
9333441005367
9333441005404
9334279001675
9339687011247
9339687011254
9339687011261
9339687029167
9339687029174
9339687088270
9339687106783
9339687136858
9339687136872
9339687160778
9339687168453
9339687206599
9342866000635
9342866000772
9342866000932
9342866000987
9342866001052
9342866001090
9342866001113
9344062058472
9349571000059
93539258
9358155000101
93718653
93718714
9400097034383
9400097034390
9400097035243
9400097036196
9400097036516
9400097036523
9400097036547
9400097036578
9400097036585
9400097036646
9400097037056
9400097040780
9400097040810
9400097041145
9400097042487
9400097042517
9400097042890
9400097042906
9400097043408
9400097043606
9400525200120
9400541044029
9400544002095
9400544002392
9400544002699
9400547001033