9400547007394
9400547007653
9400547008599
9400547009077
9400547009114
9400547009374
9400547009879
9400547010653
9400547010691
9400547010714
9400547012114
9400547015498
9400547017737
9400547019878
9400547019953
9400547020232
9400547020256
9400547021017
9400547021390
9400547024537
9400547025497
9400553003021
9400553003106
9400553006985
9400553008330
9400553009818
9400553010319
9400553013846
9400553015116
9400553433125
9400553436119
9400553436126
9400553436133
9400553436485
9400553438304
9400553438779
9400553447405
9400553448907
9400553448914
9400553453109
9400553455301
9400553455318
9400553455332
9400553456834
9400553460961
9400553460978
9400553745648
9400556005299
9400556005459
9400556007781
9400556007804
9400556007811
9400556007842
9400556015205
9400556015403
9400556015458
9400556016950
9400556061219
9400556061240
9400556072734
9400559003018
9400563448607
9400563448638
9400563448652
9400563448669
9400564009104
9400566004961
9400566004978
9400566004985
9400566004992
9400566005005
9400566005173
9400566006828
9400566007801
9400566007818
9400566007825
9400566008099
9400566008105
9400566008112
9400566008129
9400566009546
9400566009553
9400566009959
9400566009966
9400566009973
9400566009980
9400566009997
9400570014123
9400570020056
9400574004045
9400574004083
9400574005080
9400574005134
9400574005233
9400574005257
9400574005288
9400574005318
9400574005332
9400574005349
9400574005363
9400574005752
9400574005783
9400574005813
9400574005844
9400574005868
9400574005882
9400574005912
9400574005929
9400574005950
9400574005974
9400574006711
9400574006728
9400574008258
9400574009156
9400574009163
9400582000718
9400593002411
9400593002527
9400593002534
9400593002541
9400593002602
9400593002619
9400597009744
9400597012003
9400597016490
9400597016506
9400597016513
9400597016551
9400597016575
9400597017077
9400597017084
9400597017916
9400597018692
9400597018715
9400597018753
9400597018920
9400597020459
9400597021043
9400597021050
9400597021067
9400597021074
9400597021098
9400597021203
9400597021692
9400597021821
9400597021838
9400597021890
9400597021999
9400597022781
9400597022798
9400597023047
9400597023085
9400597023443
9400597024051
9400597027274
9400597027335
9400597027342
9400597032162
9400597032179
9400597032186
9400597032889
9400597033015
9400597036016
9403102000915
9403102000922
9403102000960
9403102001516
9403108036048
9403110048282
9403110062394
9403110062417
9403110062455
9403110062738
9403110062882
9403110063544
9403110063551
9403110064695